0
400
1000
2350
4825
8605
13708
19832
26738
34729
43411
54264
67830
84788
103441
124129
148955
178746
214495
246669
283670
326220
375153
431426
496140
570561
656145
754567
860206
972033
1088677
1208431
1329275
1462202
1608422
1769264
1946191
2140810
2354891
2590380
2849418
3134360
3447796
3792575
4171833
4589016
5047918
5552710
6107981
6718779
7390657
8129722
8942694
9836964
10820660
11902726
13092999
14402299
15842529
17426782
19169460
21086406
23195046
25514551
28066006
30872607
33959867
37355854
41091439
45200583
49720642
54692706
60161977
66178174
72795992
80075591
88083150
96891465
106580611
117238672
128962540
141858794
156044673
171649140
188814054
207695460
228465006
251311506
276442657
304086923
334495615
367945177
404739694
445213664
489735030
538708533
592579386
651837325
717021057
788723163